xMax: 0.04999999999999999 dMax: -0.05000000000000002
Cs at dMax: 0.4999999999999999
d: 0 cs: 0.4999999999999999
d: 0.01 cs: 0.4999999999999999
d: 0.02 cs: 0.4999999999999999
d: 0.03 cs: 0.4999999999999999
d: 0.04 cs: 0.4999999999999999
