xMax: 0.14 dMax: 0.07333333333333335
maxDc: 0.0044198206171871144
